   -0.9118764898E+02
    0.5464751787E-03
    0.9962287239E+00
    0.9972414630E+00
    0.1000000000E+02
    0.1320475118E+03
    0.1548610154E-03
    0.9274570213E+00
    0.0e+00
    0.2094662867E-03
    0.1352543440E+00
    0.9837488453E+00
    0.9520423011E+00
    0.2564980645E-01
    0.2591452892E-03
    0.1163646731E-05
    0.1959430311E-08
    0.1513189086E-01
    0.5229118162E-02
    0.9153519154E-03
    0.8434820384E-04
    0.2335682325E-05
    0.7121087348E+00
    0.1018374861E+00
    0.5461429053E-02
    0.1301935757E-03
    0.1170460084E-05
    0.1615207540E+00
    0.1030504749E-01
    0.4761804221E-02
    0.2146240637E-02
    0.1598364980E-02
    0.7417606475E+01

    0.99e+00
    0.8e-02
    0.2e-02
    0.0e+00
