1000
    0.7289214071E+00     0.1110537505E-03     0.1110537505E-03     0.1110537505E-03     0.1110537505E-03
    0.7289214071E+00     0.1110537505E-03     0.1110537505E-03     0.1110537505E-03     0.1110537505E-03
    0.7289214071E+00     0.1110537505E-03     0.1110537505E-03     0.1110537505E-03     0.1110537505E-03
    0.7289214071E+00     0.1110537505E-03     0.1110537505E-03     0.1110537505E-03     0.1110537505E-03
    0.7289214071E+00     0.1110537505E-03     0.1110537505E-03     0.1110537505E-03     0.1110537505E-03
    0.7289214071E+00     0.1110537505E-03     0.1110537505E-03     0.1110537505E-03     0.1110537505E-03
    0.7289214071E+00     0.1110537505E-03     0.1110537505E-03     0.1110537505E-03     0.1110537505E-03
    0.7289214071E+00     0.1110537505E-03     0.1110537505E-03     0.1110537505E-03     0.1110537505E-03
    0.7289214071E+00     0.1110537505E-03     0.1110537505E-03     0.1110537505E-03     0.1110537505E-03
    0.7289214071E+00     0.1110537505E-03     0.1110537505E-03     0.1110537505E-03     0.1110537505E-03
    0.7289214071E+00     0.1110537505E-03     0.1110537505E-03     0.1110537505E-03     0.1110537505E-03
    0.7289214070E+00     0.1110537505E-03     0.1110537505E-03     0.1110537505E-03     0.1110537505E-03
    0.7289214071E+00     0.1110537505E-03     0.1110537505E-03     0.1110537505E-03     0.1110537505E-03
    0.7289213157E+00     0.1110537505E-03     0.1110537505E-03     0.1110537505E-03     0.1110537505E-03
    0.7289214071E+00     0.1110537505E-03     0.1110537505E-03     0.1110537505E-03     0.1110537505E-03
    0.7289214071E+00     0.1110537505E-03     0.1110537505E-03     0.1110537505E-03     0.1110537505E-03
    0.7289214071E+00     0.1110537505E-03     0.1110537505E-03     0.1110537505E-03     0.1110537505E-03
    0.7289214071E+00     0.1110537505E-03     0.1110537505E-03     0.1110537505E-03     0.1110537505E-03
    0.7289214071E+00     0.1110537505E-03     0.1110537505E-03     0.1110537505E-03     0.1110537505E-03
    0.7289214071E+00     0.1110537505E-03     0.1110537505E-03     0.1110537505E-03     0.1110537505E-03
    0.7289214071E+00     0.1110537505E-03     0.1110537505E-03     0.1110537505E-03     0.1110537505E-03
    0.7289214071E+00     0.1110537505E-03     0.1110537505E-03     0.1110537505E-03     0.1110537505E-03
    0.7289214071E+00     0.1110537505E-03     0.1110537505E-03     0.1110537505E-03     0.1110537505E-03
    0.7289214071E+00     0.1110537505E-03     0.1110537505E-03     0.1110537505E-03     0.1110537505E-03
    0.7289214071E+00     0.1110537505E-03     0.1110537505E-03     0.1110537505E-03     0.1110537505E-03
    0.7289214071E+00     0.1110537505E-03     0.1110537505E-03     0.1110537505E-03     0.1110537505E-03
    0.7289214071E+00     0.1110537505E-03     0.1110537505E-03     0.1110537505E-03     0.1110537505E-03
    0.7289214071E+00     0.1110537505E-03     0.1110537505E-03     0.1110537505E-03     0.1110537505E-03
    0.7289214071E+00     0.1110537505E-03     0.1110537505E-03     0.1110537505E-03     0.1110537505E-03
    0.7289214071E+00     0.1110537505E-03     0.1110537505E-03     0.1110537505E-03     0.1110537505E-03
    0.7289214071E+00     0.1110537505E-03     0.1110537505E-03     0.1110537505E-03     0.1110537505E-03
    0.7289214071E+00     0.1110537505E-03     0.1110537505E-03     0.1110537505E-03     0.1110537505E-03
    0.7289214071E+00     0.1110537505E-03     0.1110537505E-03     0.1110537505E-03     0.1110537505E-03
    0.7289214071E+00     0.1110537505E-03     0.1110537505E-03     0.1110537505E-03     0.1110537505E-03
    0.7289214071E+00     0.1110537505E-03     0.1110537505E-03     0.1110537505E-03     0.1110537505E-03
    0.7289214071E+00     0.1110537505E-03     0.1110537505E-03     0.1110537505E-03     0.1110537505E-03
    0.7289214071E+00     0.1110537505E-03     0.1110537505E-03     0.1110537505E-03     0.1110537505E-03
    0.7289214071E+00     0.1110537505E-03     0.1110537505E-03     0.1110537505E-03     0.1110537505E-03
    0.7289214071E+00     0.1110537505E-03     0.1110537505E-03     0.1110537505E-03     0.1110537505E-03
    0.7289214071E+00     0.1110537505E-03     0.1110537505E-03     0.1110537505E-03     0.1110537505E-03
    0.7289214071E+00     0.1110537505E-03     0.1110537505E-03     0.1110537505E-03     0.1110537505E-03
    0.7289214071E+00     0.1110537505E-03     0.1110537505E-03     0.1110537505E-03     0.1110537505E-03
    0.7289214071E+00     0.1110537505E-03     0.1110537505E-03     0.1110537505E-03     0.1110537505E-03
    0.7289214071E+00     0.1110537505E-03     0.1110537505E-03     0.1110537505E-03     0.1110537505E-03
    0.7289214071E+00     0.1110537505E-03     0.1110537505E-03     0.1110537505E-03     0.1110537505E-03
    0.7289214071E+00     0.1110537505E-03     0.1110537505E-03     0.1110537505E-03     0.1110537505E-03
    0.7289214071E+00     0.1110537505E-03     0.1110537505E-03     0.1110537505E-03     0.1110537505E-03
    0.7289214071E+00     0.1110537505E-03     0.1110537505E-03     0.1110537505E-03     0.1110537505E-03
    0.7289214071E+00     0.1110537505E-03     0.1110537505E-03     0.1110537505E-03     0.1110537505E-03
    0.7289214071E+00     0.1110537505E-03     0.1110537505E-03     0.1110537505E-03     0.1110537505E-03
    0.7289214071E+00     0.1110537505E-03     0.1110537505E-03     0.1110537505E-03     0.1110537505E-03
    0.7289214071E+00     0.1110537505E-03     0.1110537505E-03     0.1110537505E-03     0.1110537505E-03
    0.7289214071E+00     0.1110537505E-03     0.1110537505E-03     0.1110537505E-03     0.1110537505E-03
    0.7289214071E+00     0.1110537505E-03     0.1110537505E-03     0.1110537505E-03     0.1110537505E-03
    0.7289214071E+00     0.1110537505E-03     0.1110537505E-03     0.1110537505E-03     0.1110537505E-03
    0.7289214071E+00     0.1110537505E-03     0.1110537505E-03     0.1110537505E-03     0.1110537505E-03
    0.7289214071E+00     0.1110537505E-03     0.1110537505E-03     0.1110537505E-03     0.1110537505E-03
    0.7289214071E+00     0.1110537505E-03     0.1110537505E-03     0.1110537505E-03     0.1110537505E-03
    0.7205718421E+00     0.1110537505E-03     0.1110537505E-03     0.1110537505E-03     0.1110537505E-03
    0.7289214071E+00     0.1110537505E-03     0.1110537505E-03     0.1110537505E-03     0.1110537505E-03
    0.7289214071E+00     0.1110537505E-03     0.1110537505E-03     0.1110537505E-03     0.1110537505E-03
    0.7289214071E+00     0.1110537505E-03     0.1110537505E-03     0.1110537505E-03     0.1110537505E-03
    0.7289214071E+00     0.1110537505E-03     0.1110537505E-03     0.1110537505E-03     0.1110537505E-03
    0.7289214071E+00     0.1110537505E-03     0.1110537505E-03     0.1110537505E-03     0.1110537505E-03
    0.7289214071E+00     0.1110537505E-03     0.1110537505E-03     0.1110537505E-03     0.1110537505E-03
    0.7289214071E+00     0.1110537505E-03     0.1110537505E-03     0.1110537505E-03     0.1110537505E-03
    0.7289214071E+00     0.1110537505E-03     0.1110537505E-03     0.1110537505E-03     0.1110537505E-03
    0.7289214071E+00     0.1110537505E-03     0.1110537505E-03     0.1110537505E-03     0.1110537505E-03
    0.7289214071E+00     0.1110537505E-03     0.1110537505E-03     0.1110537505E-03     0.1110537505E-03
    0.7289214071E+00     0.1110537505E-03     0.1110537505E-03     0.1110537505E-03     0.1110537505E-03
    0.7289214071E+00     0.1110537505E-03     0.1110537505E-03     0.1110537505E-03     0.1110537505E-03
    0.7289214071E+00     0.1110537505E-03     0.1110537505E-03     0.1110537505E-03     0.1110537505E-03
    0.7289214071E+00     0.1110537505E-03     0.1110537505E-03     0.1110537505E-03     0.1110537505E-03
    0.7289214071E+00     0.1110537505E-03     0.1110537505E-03     0.1110537505E-03     0.1110537505E-03
    0.7289214071E+00     0.1110537505E-03     0.1110537505E-03     0.1110537505E-03     0.1110537505E-03
    0.7289214071E+00     0.1110537505E-03     0.1110537505E-03     0.1110537505E-03     0.1110537505E-03
    0.7289214071E+00     0.1110537505E-03     0.1110537505E-03     0.1110537505E-03     0.1110537505E-03
    0.7289214071E+00     0.1110537505E-03     0.1110537505E-03     0.1110537505E-03     0.1110537505E-03
    0.7289214069E+00     0.1110537505E-03     0.1110537505E-03     0.1110537505E-03     0.1110537505E-03
    0.7289214071E+00     0.1110537505E-03     0.1110537505E-03     0.1110537505E-03     0.1110537505E-03
    0.7289214071E+00     0.1110537505E-03     0.1110537505E-03     0.1110537505E-03     0.1110537505E-03
    0.7289214071E+00     0.1110537505E-03     0.1110537505E-03     0.1110537505E-03     0.1110537505E-03
    0.7289214071E+00     0.1110537505E-03     0.1110537505E-03     0.1110537505E-03     0.1110537505E-03
    0.7289214071E+00     0.1110537505E-03     0.1110537505E-03     0.1110537505E-03     0.1110537505E-03
    0.7289214071E+00     0.1110537505E-03     0.1110537505E-03     0.1110537505E-03     0.1110537505E-03
    0.7289214071E+00     0.1110537505E-03     0.1110537505E-03     0.1110537505E-03     0.1110537505E-03
    0.7289214071E+00     0.1110537505E-03     0.1110537505E-03     0.1110537505E-03     0.1110537505E-03
    0.7289214071E+00     0.1110537505E-03     0.1110537505E-03     0.1110537505E-03     0.1110537505E-03
    0.7289214071E+00     0.1110537505E-03     0.1110537505E-03     0.1110537505E-03     0.1110537505E-03
    0.7289214071E+00     0.1110537505E-03     0.1110537505E-03     0.1110537505E-03     0.1110537505E-03
    0.7289214070E+00     0.1110537505E-03     0.1110537505E-03     0.1110537505E-03     0.1110537505E-03
    0.7289214071E+00     0.1110537505E-03     0.1110537505E-03     0.1110537505E-03     0.1110537505E-03
    0.7289214071E+00     0.1110537505E-03     0.1110537505E-03     0.1110537505E-03     0.1110537505E-03
    0.7289214071E+00     0.1110537505E-03     0.1110537505E-03     0.1110537505E-03     0.1110537505E-03
    0.7289214071E+00     0.1110537505E-03     0.1110537505E-03     0.1110537505E-03     0.1110537505E-03
    0.7289214071E+00     0.1110537505E-03     0.1110537505E-03     0.1110537505E-03     0.1110537505E-03
    0.7289214071E+00     0.1110537505E-03     0.1110537505E-03     0.1110537505E-03     0.1110537505E-03
    0.7289214071E+00     0.1110537505E-03     0.1110537505E-03     0.1110537505E-03     0.1110537505E-03
    0.7289214071E+00     0.1110537505E-03     0.1110537505E-03     0.1110537505E-03     0.1110537505E-03
    0.7289214071E+00     0.1110537505E-03     0.1110537505E-03     0.1110537505E-03     0.1110537505E-03
    0.7289214071E+00     0.1110537505E-03     0.1110537505E-03     0.1110537505E-03     0.1110537505E-03
    0.7289214071E+00     0.1110537505E-03     0.1110537505E-03     0.1110537505E-03     0.1110537505E-03
    0.7289214071E+00     0.1110537505E-03     0.1110537505E-03     0.1110537505E-03     0.1110537505E-03
    0.7289214071E+00     0.1110537505E-03     0.1110537505E-03     0.1110537505E-03     0.1110537505E-03
    0.7289214071E+00     0.1110537505E-03     0.1110537505E-03     0.1110537505E-03     0.1110537505E-03
    0.7289214071E+00     0.1110537505E-03     0.1110537505E-03     0.1110537505E-03     0.1110537505E-03
    0.7289184498E+00     0.1110537505E-03     0.1110537505E-03     0.1110537505E-03     0.1110537505E-03
    0.7289214071E+00     0.1110537505E-03     0.1110537505E-03     0.1110537505E-03     0.1110537505E-03
    0.7289214071E+00     0.1110537505E-03     0.1110537505E-03     0.1110537505E-03     0.1110537505E-03
    0.7289214071E+00     0.1110537505E-03     0.1110537505E-03     0.1110537505E-03     0.1110537505E-03
    0.7289214071E+00     0.1110537505E-03     0.1110537505E-03     0.1110537505E-03     0.1110537505E-03
    0.7289214071E+00     0.1110537505E-03     0.1110537505E-03     0.1110537505E-03     0.1110537505E-03
    0.7289214071E+00     0.1110537505E-03     0.1110537505E-03     0.1110537505E-03     0.1110537505E-03
    0.7289214071E+00     0.1110537505E-03     0.1110537505E-03     0.1110537505E-03     0.1110537505E-03
    0.7289214071E+00     0.1110537505E-03     0.1110537505E-03     0.1110537505E-03     0.1110537505E-03
    0.7289214071E+00     0.1110537505E-03     0.1110537505E-03     0.1110537505E-03     0.1110537505E-03
    0.7289214071E+00     0.1110537505E-03     0.1110537505E-03     0.1110537505E-03     0.1110537505E-03
    0.7289214071E+00     0.1110537505E-03     0.1110537505E-03     0.1110537505E-03     0.1110537505E-03
    0.7289214071E+00     0.1110537505E-03     0.1110537505E-03     0.1110537505E-03     0.1110537505E-03
    0.7289214071E+00     0.1110537505E-03     0.1110537505E-03     0.1110537505E-03     0.1110537505E-03
    0.7289214071E+00     0.1110537505E-03     0.1110537505E-03     0.1110537505E-03     0.1110537505E-03
    0.7289214071E+00     0.1110537505E-03     0.1110537505E-03     0.1110537505E-03     0.1110537505E-03
    0.7289214071E+00     0.1110537505E-03     0.1110537505E-03     0.1110537505E-03     0.1110537505E-03
    0.7289214071E+00     0.1110537505E-03     0.1110537505E-03     0.1110537505E-03     0.1110537505E-03
    0.7289214071E+00     0.1110537505E-03     0.1110537505E-03     0.1110537505E-03     0.1110537505E-03
    0.7289214071E+00     0.1110537505E-03     0.1110537505E-03     0.1110537505E-03     0.1110537505E-03
    0.5824665797E+00     0.1038771481E-01     0.1038771475E-01     0.1044290019E-02     0.1044290610E-02
    0.7289214071E+00     0.1110537505E-03     0.1110537505E-03     0.1110537505E-03     0.1110537505E-03
    0.7289214071E+00     0.1110537505E-03     0.1110537505E-03     0.1110537505E-03     0.1110537505E-03
    0.7289214071E+00     0.1110537505E-03     0.1110537505E-03     0.1110537505E-03     0.1110537505E-03
    0.7289214071E+00     0.1110537505E-03     0.1110537505E-03     0.1110537505E-03     0.1110537505E-03
    0.7288207196E+00     0.1110537505E-03     0.1110537505E-03     0.1110537505E-03     0.1110537505E-03
    0.7289214071E+00     0.1110537505E-03     0.1110537505E-03     0.1110537505E-03     0.1110537505E-03
    0.6880719229E+00     0.1200608321E-03     0.1249777811E-03     0.1308070831E-03     0.1249777811E-03
    0.7289214071E+00     0.1110537505E-03     0.1110537505E-03     0.1110537505E-03     0.1110537505E-03
    0.7289214071E+00     0.1110537505E-03     0.1110537505E-03     0.1110537505E-03     0.1110537505E-03
    0.7289214071E+00     0.1110537505E-03     0.1110537505E-03     0.1110537505E-03     0.1110537505E-03
    0.7289214071E+00     0.1110537505E-03     0.1110537505E-03     0.1110537505E-03     0.1110537505E-03
    0.7289214071E+00     0.1110537505E-03     0.1110537505E-03     0.1110537505E-03     0.1110537505E-03
    0.7289214071E+00     0.1110537505E-03     0.1110537505E-03     0.1110537505E-03     0.1110537505E-03
    0.7289214071E+00     0.1110537505E-03     0.1110537505E-03     0.1110537505E-03     0.1110537505E-03
    0.7289214071E+00     0.1110537505E-03     0.1110537505E-03     0.1110537505E-03     0.1110537505E-03
    0.7289214071E+00     0.1110537505E-03     0.1110537505E-03     0.1110537505E-03     0.1110537505E-03
    0.7289214071E+00     0.1110537505E-03     0.1110537505E-03     0.1110537505E-03     0.1110537505E-03
    0.7289214071E+00     0.1110537505E-03     0.1110537505E-03     0.1110537505E-03     0.1110537505E-03
    0.7289214071E+00     0.1110537505E-03     0.1110537505E-03     0.1110537505E-03     0.1110537505E-03
    0.7289214071E+00     0.1110537505E-03     0.1110537505E-03     0.1110537505E-03     0.1110537505E-03
    0.7289214071E+00     0.1110537505E-03     0.1110537505E-03     0.1110537505E-03     0.1110537505E-03
    0.7289214071E+00     0.1110537505E-03     0.1110537505E-03     0.1110537505E-03     0.1110537505E-03
    0.7289214071E+00     0.1110537505E-03     0.1110537505E-03     0.1110537505E-03     0.1110537505E-03
    0.7289214071E+00     0.1110537505E-03     0.1110537505E-03     0.1110537505E-03     0.1110537505E-03
    0.7289214071E+00     0.1110537505E-03     0.1110537505E-03     0.1110537505E-03     0.1110537505E-03
    0.7289214071E+00     0.1110537505E-03     0.1110537505E-03     0.1110537505E-03     0.1110537505E-03
    0.7289214071E+00     0.1110537505E-03     0.1110537505E-03     0.1110537505E-03     0.1110537505E-03
    0.7289214071E+00     0.1110537505E-03     0.1110537505E-03     0.1110537505E-03     0.1110537505E-03
    0.7289214071E+00     0.1110537505E-03     0.1110537505E-03     0.1110537505E-03     0.1110537505E-03
    0.7289214071E+00     0.1110537505E-03     0.1110537505E-03     0.1110537505E-03     0.1110537505E-03
    0.7289214071E+00     0.1110537505E-03     0.1110537505E-03     0.1110537505E-03     0.1110537505E-03
    0.7289214071E+00     0.1110537505E-03     0.1110537505E-03     0.1110537505E-03     0.1110537505E-03
    0.7289214071E+00     0.1110537505E-03     0.1110537505E-03     0.1110537505E-03     0.1110537505E-03
    0.7289214071E+00     0.1110537505E-03     0.1110537505E-03     0.1110537505E-03     0.1110537505E-03
    0.7289214071E+00     0.1110537505E-03     0.1110537505E-03     0.1110537505E-03     0.1110537505E-03
    0.7289214071E+00     0.1110537505E-03     0.1110537505E-03     0.1110537505E-03     0.1110537505E-03
    0.7289214071E+00     0.1110537505E-03     0.1110537505E-03     0.1110537505E-03     0.1110537505E-03
    0.7289214071E+00     0.1110537505E-03     0.1110537505E-03     0.1110537505E-03     0.1110537505E-03
    0.7289214071E+00     0.1110537505E-03     0.1110537505E-03     0.1110537505E-03     0.1110537505E-03
    0.7289214071E+00     0.1110537505E-03     0.1110537505E-03     0.1110537505E-03     0.1110537505E-03
    0.7289214071E+00     0.1110537505E-03     0.1110537505E-03     0.1110537505E-03     0.1110537505E-03
    0.7289214071E+00     0.1110537505E-03     0.1110537505E-03     0.1110537505E-03     0.1110537505E-03
    0.7289214071E+00     0.1110537505E-03     0.1110537505E-03     0.1110537505E-03     0.1110537505E-03
    0.7289214071E+00     0.1110537505E-03     0.1110537505E-03     0.1110537505E-03     0.1110537505E-03
    0.7289214071E+00     0.1110537505E-03     0.1110537505E-03     0.1110537505E-03     0.1110537505E-03
    0.7289214071E+00     0.1110537505E-03     0.1110537505E-03     0.1110537505E-03     0.1110537505E-03
    0.7289214071E+00     0.1110537505E-03     0.1110537505E-03     0.1110537505E-03     0.1110537505E-03
    0.7289214071E+00     0.1110537505E-03     0.1110537505E-03     0.1110537505E-03     0.1110537505E-03
    0.7175383821E+00     0.1110573066E-03     0.1110575596E-03     0.1110573066E-03     0.1110570607E-03
    0.7289214071E+00     0.1110537505E-03     0.1110537505E-03     0.1110537505E-03     0.1110537505E-03
    0.7289214071E+00     0.1110537505E-03     0.1110537505E-03     0.1110537505E-03     0.1110537505E-03
    0.7289214071E+00     0.1110537505E-03     0.1110537505E-03     0.1110537505E-03     0.1110537505E-03
    0.7289214071E+00     0.1110537505E-03     0.1110537505E-03     0.1110537505E-03     0.1110537505E-03
    0.7289214071E+00     0.1110537505E-03     0.1110537505E-03     0.1110537505E-03     0.1110537505E-03
    0.7289214071E+00     0.1110537505E-03     0.1110537505E-03     0.1110537505E-03     0.1110537505E-03
    0.7289214071E+00     0.1110537505E-03     0.1110537505E-03     0.1110537505E-03     0.1110537505E-03
    0.7289213871E+00     0.1110537505E-03     0.1110537505E-03     0.1110537505E-03     0.1110537505E-03
    0.7289214071E+00     0.1110537505E-03     0.1110537505E-03     0.1110537505E-03     0.1110537505E-03
    0.7289214071E+00     0.1110537505E-03     0.1110537505E-03     0.1110537505E-03     0.1110537505E-03
    0.7289214071E+00     0.1110537505E-03     0.1110537505E-03     0.1110537505E-03     0.1110537505E-03
    0.7289214071E+00     0.1110537505E-03     0.1110537505E-03     0.1110537505E-03     0.1110537505E-03
    0.7289214071E+00     0.1110537505E-03     0.1110537505E-03     0.1110537505E-03     0.1110537505E-03
    0.7289214071E+00     0.1110537505E-03     0.1110537505E-03     0.1110537505E-03     0.1110537505E-03
    0.7289214071E+00     0.1110537505E-03     0.1110537505E-03     0.1110537505E-03     0.1110537505E-03
    0.7289214071E+00     0.1110537505E-03     0.1110537505E-03     0.1110537505E-03     0.1110537505E-03
    0.7289214071E+00     0.1110537505E-03     0.1110537505E-03     0.1110537505E-03     0.1110537505E-03
    0.7289214071E+00     0.1110537505E-03     0.1110537505E-03     0.1110537505E-03     0.1110537505E-03
    0.7289214071E+00     0.1110537505E-03     0.1110537505E-03     0.1110537505E-03     0.1110537505E-03
    0.7289214071E+00     0.1110537505E-03     0.1110537505E-03     0.1110537505E-03     0.1110537505E-03
    0.7289214071E+00     0.1110537505E-03     0.1110537505E-03     0.1110537505E-03     0.1110537505E-03
    0.7289214071E+00     0.1110537505E-03     0.1110537505E-03     0.1110537505E-03     0.1110537505E-03
    0.7289214071E+00     0.1110537505E-03     0.1110537505E-03     0.1110537505E-03     0.1110537505E-03
    0.7289214071E+00     0.1110537505E-03     0.1110537505E-03     0.1110537505E-03     0.1110537505E-03
    0.7289214071E+00     0.1110537505E-03     0.1110537505E-03     0.1110537505E-03     0.1110537505E-03
    0.7289214071E+00     0.1110537505E-03     0.1110537505E-03     0.1110537505E-03     0.1110537505E-03
    0.7289214071E+00     0.1110537505E-03     0.1110537505E-03     0.1110537505E-03     0.1110537505E-03
    0.7289214071E+00     0.1110537505E-03     0.1110537505E-03     0.1110537505E-03     0.1110537505E-03
    0.7289214061E+00     0.1110537505E-03     0.1110537505E-03     0.1110537505E-03     0.1110537505E-03
    0.7289214071E+00     0.1110537505E-03     0.1110537505E-03     0.1110537505E-03     0.1110537505E-03
    0.7289214071E+00     0.1110537505E-03     0.1110537505E-03     0.1110537505E-03     0.1110537505E-03
    0.7289214071E+00     0.1110537505E-03     0.1110537505E-03     0.1110537505E-03     0.1110537505E-03
    0.7289214071E+00     0.1110537505E-03     0.1110537505E-03     0.1110537505E-03     0.1110537505E-03
    0.7289214071E+00     0.1110537505E-03     0.1110537505E-03     0.1110537505E-03     0.1110537505E-03
    0.7289214071E+00     0.1110537505E-03     0.1110537505E-03     0.1110537505E-03     0.1110537505E-03
    0.7289214071E+00     0.1110537505E-03     0.1110537505E-03     0.1110537505E-03     0.1110537505E-03
    0.7289214071E+00     0.1110537505E-03     0.1110537505E-03     0.1110537505E-03     0.1110537505E-03
    0.7289214071E+00     0.1110537505E-03     0.1110537505E-03     0.1110537505E-03     0.1110537505E-03
    0.7289214071E+00     0.1110537505E-03     0.1110537505E-03     0.1110537505E-03     0.1110537505E-03
    0.7289214071E+00     0.1110537505E-03     0.1110537505E-03     0.1110537505E-03     0.1110537505E-03
    0.7289214071E+00     0.1110537505E-03     0.1110537505E-03     0.1110537505E-03     0.1110537505E-03
    0.7289214071E+00     0.1110537505E-03     0.1110537505E-03     0.1110537505E-03     0.1110537505E-03
    0.7289214071E+00     0.1110537505E-03     0.1110537505E-03     0.1110537505E-03     0.1110537505E-03
    0.7289214071E+00     0.1110537505E-03     0.1110537505E-03     0.1110537505E-03     0.1110537505E-03
    0.7289214071E+00     0.1110537505E-03     0.1110537505E-03     0.1110537505E-03     0.1110537505E-03
    0.7289214071E+00     0.1110537505E-03     0.1110537505E-03     0.1110537505E-03     0.1110537505E-03
    0.7289214071E+00     0.1110537505E-03     0.1110537505E-03     0.1110537505E-03     0.1110537505E-03
    0.7289214071E+00     0.1110537505E-03     0.1110537505E-03     0.1110537505E-03     0.1110537505E-03
    0.7289214071E+00     0.1110537505E-03     0.1110537505E-03     0.1110537505E-03     0.1110537505E-03
    0.7289214071E+00     0.1110537505E-03     0.1110537505E-03     0.1110537505E-03     0.1110537505E-03
    0.7289214071E+00     0.1110537505E-03     0.1110537505E-03     0.1110537505E-03     0.1110537505E-03
    0.7289214071E+00     0.1110537505E-03     0.1110537505E-03     0.1110537505E-03     0.1110537505E-03
    0.7289214071E+00     0.1110537505E-03     0.1110537505E-03     0.1110537505E-03     0.1110537505E-03
    0.7289214071E+00     0.1110537505E-03     0.1110537505E-03     0.1110537505E-03     0.1110537505E-03
    0.7289214071E+00     0.1110537505E-03     0.1110537505E-03     0.1110537505E-03     0.1110537505E-03
    0.7289214071E+00     0.1110537505E-03     0.1110537505E-03     0.1110537505E-03     0.1110537505E-03
    0.7289214071E+00     0.1110537505E-03     0.1110537505E-03     0.1110537505E-03     0.1110537505E-03
    0.7289214071E+00     0.1110537505E-03     0.1110537505E-03     0.1110537505E-03     0.1110537505E-03
    0.7289214071E+00     0.1110537505E-03     0.1110537505E-03     0.1110537505E-03     0.1110537505E-03
    0.7289214071E+00     0.1110537505E-03     0.1110537505E-03     0.1110537505E-03     0.1110537505E-03
    0.7289214071E+00     0.1110537505E-03     0.1110537505E-03     0.1110537505E-03     0.1110537505E-03
    0.7289214071E+00     0.1110537505E-03     0.1110537505E-03     0.1110537505E-03     0.1110537505E-03
    0.7079706120E+00     0.2474739449E-02     0.3356275126E-01     0.2474739449E-02     0.3964311450E-03
    0.7289214071E+00     0.1110537505E-03     0.1110537505E-03     0.1110537505E-03     0.1110537505E-03
    0.7289214071E+00     0.1110537505E-03     0.1110537505E-03     0.1110537505E-03     0.1110537505E-03
    0.7289214071E+00     0.1110537505E-03     0.1110537505E-03     0.1110537505E-03     0.1110537505E-03
    0.7289214071E+00     0.1110537505E-03     0.1110537505E-03     0.1110537505E-03     0.1110537505E-03
    0.7289214071E+00     0.1110537505E-03     0.1110537505E-03     0.1110537505E-03     0.1110537505E-03
    0.7289214071E+00     0.1110537505E-03     0.1110537505E-03     0.1110537505E-03     0.1110537505E-03
    0.7289214071E+00     0.1110537505E-03     0.1110537505E-03     0.1110537505E-03     0.1110537505E-03
    0.7289214071E+00     0.1110537505E-03     0.1110537505E-03     0.1110537505E-03     0.1110537505E-03
    0.7289214071E+00     0.1110537505E-03     0.1110537505E-03     0.1110537505E-03     0.1110537505E-03
    0.7289214071E+00     0.1110537505E-03     0.1110537505E-03     0.1110537505E-03     0.1110537505E-03
    0.7289214071E+00     0.1110537505E-03     0.1110537505E-03     0.1110537505E-03     0.1110537505E-03
