1000
  1   1   5   5   1
  5   1   1   1   1
  1   1   5   1   1
  5   5   1   1   5
  1   5   1   1   1
  1   5   1   1   1
  1   1   1   5   5
  5   5   1   1   1
  5   5   5   1   1
  1   5   5   1   5
  1   5   1   5   1
  1   1   1   1   5
  1   1   5   5   1
  1   1   1   1   1
  5   1   1   1   1
  5   1   1   5   1
  1   1   5   1   1
  1   5   1   1   1
  1   1   1   1   1
  1   1   1   5   1
  5   1   5   1   5
  1   1   1   5   1
  1   1   1   1   1
  1   5   1   1   1
  1   1   1   1   5
  5   1   5   5   1
  1   1   1   1   1
  1   5   5   1   5
  1   1   5   1   1
  1   1   1   5   5
  1   1   1   5   1
  1   1   1   1   1
  5   5   1   1   5
  1   1   1   1   1
  1   5   1   5   1
  1   1   5   1   1
  1   1   5   1   5
  5   1   5   5   5
  1   1   1   1   1
  1   1   1   5   1
  1   1   1   1   5
  1   1   5   1   1
  1   1   1   5   1
  1   5   1   5   1
  5   1   1   1   1
  1   1   5   5   1
  1   1   1   1   6
  5   1   1   6   1
  5   5   5   1   1
  1   1   1   1   1
  5   5   5   5   1
  1   1   1   1   1
  1   1   5   5   1
  1   5   1   1   1
  5   5   1   1   5
  1   5   5   5   5
  1   1   5   1   1
  1   1   1   1   1
  5   5   1   5   1
  1   1   1   5   1
  5   1   5   1   5
  5   5   1   5   5
  1   1   5   1   5
  5   1   5   1   1
  5   1   1   1   1
  1   1   5   1   1
  1   1   1   1   1
  1   5   1   1   1
  1   5   5   1   5
  1   1   1   1   5
  5   1   1   1   5
  5   1   1   1   1
  1   1   1   5   5
  5   5   5   5   1
  1   5   1   5   1
  5   1   1   1   1
  1   1   1   1   1
  5   1   1   5   1
  5   1   1   5   1
  1   1   5   1   1
  1   1   5   1   5
  1   1   1   1   1
  1   1   5   5   6
  1   1   1   1   1
  5   5   5   1   1
  1   1   1   5   1
  1   5   1   5   1
  1   1   1   1   5
  1   1   5   1   1
  1   1   1   1   1
  1   5   5   1   5
  1   1   5   6   5
  1   1   1   5   5
  1   1   5   1   1
  5   1   1   1   1
  1   5   5   1   1
  5   1   5   5   1
  1   1   1   1   5
  1   1   5   1   1
  5   5   1   1   1
  5   1   1   1   1
  1   1   1   5   5
  1   1   5   1   1
  1   5   5   5   1
  1   1   1   1   1
  5   5   5   1   1
  1   5   1   5   1
  1   1   1   1   5
  5   5   1   5   1
  1   1   5   5   5
  1   1   1   1   1
  1   5   1   1   1
  1   5   1   5   1
  1   5   1   1   1
  5   1   1   5   5
  5   1   1   1   5
  1   1   1   1   1
  5   1   1   1   1
  5   5   1   1   1
  5   5   1   1   1
  1   1   1   1   1
  1   1   1   1   1
  1   1   1   5   1
  1   1   1   1   5
  5   1   1   1   1
  1   1   1   1   5
  1   5   1   1   5
  5   1   1   1   1
  6   5   1   1   1
  1   1   5   1   5
  1   1   5   1   1
  1   1   1   1   5
  1   1   1   5   1
  1   5   5   1   1
  5   1   1   1   1
  1   5   1   1   1
  6   1   5   5   5
  1   5   1   1   1
  1   5   1   5   5
  1   1   5   1   5
  1   1   1   1   1
  5   1   1   5   1
  5   1   5   1   1
  1   1   1   1   1
  5   5   5   5   1
  5   1   1   5   1
  5   1   5   1   1
  1   1   1   1   1
  5   1   5   1   5
  5   5   1   1   5
  5   5   1   1   5
  1   1   1   1   1
  1   1   1   1   5
  5   1   5   1   1
  1   1   1   1   1
  5   1   1   5   1
  1   5   1   5   1
  5   1   1   5   1
  1   1   1   5   1
  1   5   5   1   1
  1   1   1   1   1
  1   1   5   1   5
  5   1   5   1   1
  1   5   1   5   1
  1   1   1   1   1
  1   5   1   1   1
  5   1   5   1   1
  1   5   5   1   1
  5   1   1   5   1
  1   1   1   1   1
  5   1   1   1   5
  1   1   1   1   1
  5   5   5   5   1
  1   1   5   1   5
  1   1   1   1   1
  5   1   1   5   5
  1   1   1   5   1
  1   5   1   1   1
  1   5   1   1   1
  1   1   1   1   5
  5   5   5   1   1
  1   5   5   1   5
  1   1   1   1   5
  1   1   1   1   1
  1   1   5   1   1
  1   1   1   1   1
  1   1   1   1   1
  5   5   1   5   5
  1   1   5   5   1
  1   5   5   1   1
  5   1   5   1   1
  1   1   5   1   5
  1   5   1   1   5
  1   5   1   1   1
  1   1   1   1   1
  5   1   1   1   5
  1   1   1   1   1
  1   1   1   1   5
  1   1   1   1   5
  1   1   1   1   5
  5   5   5   1   5
  1   1   1   1   1
  1   1   1   1   1
  1   1   1   1   1
  1   1   1   5   1
  5   1   1   5   1
  1   1   1   5   5
  5   1   1   1   5
  1   5   1   5   1
  5   5   1   5   5
  5   5   5   1   1
  1   5   5   1   1
  5   1   1   1   1
  1   1   5   5   5
  1   5   1   1   1
  1   1   1   1   1
  5   5   1   5   1
  1   1   1   5   5
  1   1   1   1   1
  5   5   1   1   1
  5   5   1   1   5
  1   1   5   1   5
  1   1   5   1   1
  1   1   1   1   1
  1   1   1   1   1
  5   5   1   1   1
  5   5   5   1   1
  1   1   5   1   1
  5   1   5   1   5
  1   1   1   5   1
  1   6   1   1   5
  1   1   5   1   1
  1   5   1   1   1
  5   5   5   5   5
  5   5   5   5   5
  1   5   1   1   5
  1   1   1   1   1
  1   1   1   1   1
  5   5   1   5   1
  1   5   1   1   1
  1   1   1   1   1
  5   5   1   1   5
  1   1   1   1   1
  1   5   5   1   1
  1   5   1   5   1
  1   1   1   1   5
  1   1   1   1   5
  1   1   5   1   1
  1   1   1   1   1
  5   1   1   5   1
  5   1   1   5   1
  5   1   5   1   1
  1   5   1   5   1
  1   1   1   1   1
  1   1   1   5   1
  1   5   5   1   1
  1   1   1   5   1
  1   1   1   5   1
  1   5   1   1   5
  1   5   5   1   1
  5   5   5   5   1
  1   1   1   1   1
  1   5   1   1   1
  1   1   1   5   1
  5   5   5   1   1
  5   1   1   5   5
  1   5   5   1   5
  5   1   5   5   5
  5   1   5   1   5
  5   1   1   5   1
  1   1   1   5   1
  1   5   1   1   5
  1   1   1   1   1
  1   1   1   1   1
  1   5   1   1   5
  1   1   1   1   1
  1   5   1   5   1
  1   5   5   1   1
  1   1   5   5   1
  1   1   1   5   5
  5   5   5   5   1
  1   1   1   5   1
  1   1   5   1   5
  5   1   5   5   1
  5   5   1   5   5
  1   1   1   1   1
  1   1   1   1   1
  1   1   1   5   1
  5   1   1   5   5
  1   5   1   1   1
  1   1   1   1   1
  1   1   1   5   1
  5   1   5   1   5
  1   1   1   1   1
  1   1   1   1   5
  1   1   5   1   1
  5   1   1   1   5
  1   1   1   1   1
  5   1   5   1   1
  5   1   5   1   1
  5   1   5   5   1
  1   1   1   5   5
  1   5   1   5   1
  5   5   1   5   1
  5   1   5   5   1
  1   5   1   1   1
  1   1   1   1   5
  1   1   5   1   1
  5   1   5   1   5
  1   1   5   5   1
  1   1   1   1   1
  1   1   1   1   1
  1   1   1   1   1
  5   1   1   5   5
  1   5   5   1   1
  5   1   5   1   6
  1   1   5   1   1
  1   1   1   1   5
  1   1   5   5   5
  1   1   1   5   5
  1   5   1   1   1
  1   5   1   1   5
  1   1   6   5   1
  1   1   1   1   1
  1   1   1   1   1
  1   5   1   1   1
  5   1   5   1   5
  1   5   5   5   6
  1   1   1   1   5
  5   1   1   1   1
  1   1   5   1   1
  1   1   1   1   1
  5   5   1   1   5
  5   5   5   6   1
  1   5   1   5   5
  5   1   1   1   5
  5   5   5   1   5
  1   1   1   1   5
  5   5   1   1   1
  5   5   1   5   1
  5   5   1   1   1
  1   1   1   5   1
  1   1   5   5   1
  1   1   1   5   5
  1   1   1   1   5
  5   5   5   1   1
  1   5   1   1   5
  5   1   1   1   5
  1   1   1   5   1
  1   1   5   5   1
  1   1   5   1   1
  5   5   5   1   5
  1   5   1   1   1
  5   1   1   5   1
  1   1   5   1   5
  1   1   5   1   5
  1   1   5   5   5
  1   1   1   5   1
  5   5   5   1   1
  1   1   1   5   1
  1   5   5   1   1
  1   1   5   5   1
  5   5   5   1   5
  1   1   5   1   1
  5   1   1   1   1
  1   1   5   1   1
  5   5   5   1   1
  1   1   5   1   5
  1   1   1   1   1
  1   1   1   1   1
  1   5   1   1   1
  1   5   1   1   1
  5   1   5   5   5
  1   1   1   1   1
  1   1   1   5   5
  5   1   1   5   5
  1   1   5   5   1
  5   1   1   1   1
  1   5   5   1   1
  1   1   5   1   1
  1   5   5   1   1
  1   5   5   1   1
  1   1   1   5   1
  5   1   1   1   1
  5   5   1   5   1
  1   5   5   1   5
  1   1   5   1   1
  1   1   5   5   1
  5   1   5   5   5
  5   1   1   5   5
  5   5   5   5   5
  5   1   1   1   1
  1   1   1   1   1
  1   1   1   5   5
  1   1   1   1   5
  1   1   1   1   1
  1   1   5   1   1
  5   1   1   1   1
  1   1   1   1   5
  1   5   1   1   5
  1   1   1   1   1
  1   1   1   1   1
  1   1   1   1   1
  1   1   1   1   1
  1   1   1   1   1
  1   1   1   5   1
  1   1   1   1   1
  1   1   5   1   1
  1   1   1   1   1
  1   1   1   1   1
  1   1   1   1   1
  1   1   1   1   1
  1   5   1   1   5
  1   5   1   5   5
  5   1   5   1   5
  1   5   1   1   5
  1   1   1   1   1
  1   1   1   1   1
  5   1   5   1   1
  1   1   1   5   5
  5   1   5   1   1
  1   1   1   5   5
  1   1   1   1   1
  1   1   1   1   1
  5   1   1   5   1
  1   1   5   5   1
  5   1   1   5   1
  1   5   1   1   1
  5   5   1   5   1
  1   1   1   1   1
  1   1   1   5   5
  1   1   1   5   1
  1   1   1   1   5
  1   1   1   5   1
  1   1   1   5   1
  1   1   1   1   1
  1   1   1   5   1
  1   1   1   1   1
  1   1   1   1   1
  1   1   1   1   5
  1   1   1   1   1
  1   5   1   1   1
  5   1   1   1   1
  5   5   1   1   1
  5   1   5   1   1
  1   1   1   1   5
  1   5   5   1   5
  1   1   1   1   1
  1   1   1   1   5
  1   5   5   1   5
  1   1   5   5   1
  5   5   5   1   1
  1   1   1   5   1
  1   1   5   6   1
  1   1   5   1   5
  1   1   1   5   5
  1   1   5   1   5
  1   1   1   1   1
  5   1   1   1   5
  5   5   1   5   1
  5   1   1   1   1
  1   5   1   1   1
  1   1   1   1   1
  1   1   5   1   1
  5   1   1   1   1
  5   5   5   1   5
  5   1   5   1   5
  5   5   1   1   1
  1   5   1   1   5
  1   1   5   1   5
  5   5   5   1   5
  5   1   5   1   5
  5   1   5   1   5
  1   1   5   5   5
  5   5   1   1   1
  1   1   1   1   1
  5   1   1   1   5
  1   5   1   5   1
  1   1   5   1   1
  5   1   5   5   5
  5   1   1   1   1
  1   1   5   5   1
  5   5   5   1   1
  5   5   1   1   1
  1   1   1   1   5
  1   5   5   1   5
  1   5   1   1   5
  5   5   1   1   1
  5   5   5   1   5
  1   1   5   1   1
  1   5   5   1   5
  1   1   1   1   1
  5   5   1   5   1
  5   1   1   5   1
  5   5   1   5   1
  1   1   1   1   1
  1   1   5   1   1
  1   1   1   1   1
  5   5   5   1   6
  1   5   1   5   1
  1   1   5   5   5
  5   1   1   1   5
  5   5   1   5   1
  5   1   1   1   1
  8   4   8   8   8
  8   8   8   8   3
  1   1   8   8   1
  8   8   8   8   8
  1   5   5   1   1
  5   1   5   1   1
  1   5   1   1   5
  1   1   1   5   1
  5   1   1   1   1
  1   1   1   1   1
  1   1   1   1   5
  1   1   1   1   1
  1   1   1   5   5
  1   5   5   1   5
  5   1   1   1   1
  5   5   5   1   1
  1   5   1   1   1
  1   1   1   5   5
  5   5   1   1   1
  1   1   1   1   1
  5   5   5   1   1
  1   5   1   5   1
  1   1   1   1   1
  5   5   5   5   5
  5   5   1   1   5
  1   1   1   5   1
  1   5   5   5   1
  5   1   5   1   5
  1   1   1   1   1
  1   8   1   1   1
  8   8   8   8   8
  1   1   1   8   1
  1   1   5   5   1
  1   1   1   5   5
  1   1   1   1   1
  1   1   1   1   1
  1   1   5   5   1
  1   1   6   5   1
  5   1   1   5   1
  1   1   5   5   1
  5   5   1   1   1
  5   1   1   1   1
  1   5   5   5   1
  1   1   1   1   1
  1   5   1   5   1
  1   5   1   1   5
  1   5   5   1   1
  5   1   1   1   1
  1   1   1   1   1
  1   5   5   1   5
  1   5   1   5   1
  5   1   5   1   1
  5   5   5   1   5
  1   1   1   1   1
  1   1   1   1   1
  1   1   1   5   5
  1   5   1   1   1
  5   5   5   1   5
  5   1   1   5   1
  1   1   5   5   5
  1   1   1   1   1
  5   1   1   1   5
  5   5   5   5   1
  5   1   5   1   5
  5   1   5   5   1
  1   1   1   1   5
  5   5   1   1   1
  5   1   1   5   5
  1   1   1   1   1
  1   1   1   1   5
  1   5   5   1   5
  1   1   1   1   5
  1   5   1   1   1
  1   1   1   1   1
  1   5   5   1   5
  1   5   1   1   1
  1   1   1   1   5
  1   1   1   1   1
  5   1   1   1   1
  1   5   1   1   1
  1   5   5   1   1
  1   1   1   1   1
  1   1   5   5   5
  6   5   1   5   5
  1   5   1   1   1
  1   5   5   1   5
  1   1   1   1   1
  1   5   1   5   5
  5   5   1   1   5
  1   1   1   1   1
  5   1   5   5   5
  1   5   1   1   5
  1   5   1   1   5
  1   1   1   1   5
  1   5   5   1   1
  1   1   1   1   1
  1   1   5   5   1
  1   1   5   5   1
  1   1   1   1   1
  1   5   5   5   1
  1   1   1   1   5
  5   5   5   1   1
  1   1   5   1   1
  1   5   5   1   1
  5   1   1   1   1
  5   1   1   5   1
  1   5   1   1   5
  1   5   5   1   1
  1   5   5   1   1
  1   1   5   5   1
  1   1   1   1   5
  5   1   1   5   1
  1   1   1   1   5
  5   1   1   1   1
  5   5   1   1   1
  5   5   1   1   1
  1   1   5   1   1
  1   1   1   5   1
  1   1   1   1   1
  1   1   1   5   1
  5   5   1   1   1
  1   5   5   5   1
  1   5   1   1   1
  1   1   5   5   1
  1   5   1   5   1
  1   1   1   5   5
  1   1   1   5   1
  1   1   1   5   1
  1   1   1   1   1
  5   5   1   1   5
  1   1   1   1   1
  1   1   1   1   1
  1   1   1   1   1
  1   5   5   1   5
  1   1   5   1   5
  5   1   1   5   5
  1   1   1   5   5
  1   1   1   1   1
  1   1   5   5   5
  1   5   5   1   5
  1   1   5   1   1
  1   5   1   5   5
  1   1   5   1   1
  1   1   1   5   1
  1   1   5   1   5
  1   1   1   5   1
  1   1   1   5   5
  5   1   1   1   1
  5   5   1   1   5
  1   1   1   5   5
  5   1   5   5   1
  1   1   1   1   1
  5   5   1   1   1
  1   1   1   1   5
  5   1   5   1   5
  5   1   5   1   5
  1   5   1   1   1
  1   5   5   1   1
  1   1   1   5   1
  1   5   1   5   1
  5   1   5   5   1
  5   5   1   1   5
  1   1   5   1   1
  5   5   1   1   5
  1   1   1   1   5
  1   1   1   1   1
  5   1   5   1   5
  1   1   1   1   1
  5   5   1   1   5
  5   1   1   1   1
  1   5   5   5   1
  5   1   1   1   1
  1   1   5   1   1
  1   5   5   5   1
  1   1   1   1   5
  5   5   5   1   5
  1   1   1   1   5
  5   5   1   5   5
  5   1   5   5   5
  1   1   1   1   1
  5   1   1   1   1
  5   1   1   5   1
  1   5   1   5   1
  1   1   1   1   1
  1   1   1   5   5
  5   5   5   1   1
  5   1   1   5   1
  1   5   1   5   5
  5   5   1   1   1
  1   5   5   5   1
  5   1   5   1   5
  1   1   1   1   1
  5   1   1   5   1
  1   1   1   1   1
  5   1   1   1   6
  1   1   1   1   1
  5   5   1   1   5
  5   5   5   5   5
  1   1   1   1   1
  5   1   5   1   1
  5   5   1   5   1
  1   1   1   1   1
  1   5   1   5   5
  1   1   1   1   5
  5   5   1   5   5
  1   5   5   5   1
  1   1   1   1   5
  1   1   1   1   1
  5   1   1   1   5
  1   1   1   1   1
  1   1   1   5   1
  6   1   1   1   1
  1   1   5   1   1
  1   1   1   5   1
  1   5   1   1   1
  5   1   1   1   1
  1   5   1   1   5
  1   1   1   1   1
  1   1   1   1   1
  1   5   5   5   1
  1   1   1   5   5
  1   1   1   1   1
  1   5   1   1   1
  5   1   1   1   1
  1   5   1   1   5
  5   1   1   5   5
  1   1   1   1   1
  1   5   5   5   5
  1   1   5   5   5
  5   5   1   5   5
  1   1   1   1   1
  1   5   5   5   5
  1   5   5   1   1
  1   5   5   5   1
  1   1   5   1   5
  5   5   1   1   1
  1   1   1   5   1
  1   5   1   1   1
  5   1   1   1   1
  5   1   1   1   1
  1   1   1   1   1
  5   1   5   5   1
  1   5   1   5   5
  1   1   5   1   6
  5   5   1   1   5
  1   1   1   5   1
  1   5   1   1   1
  1   1   1   5   5
  1   5   1   1   5
  1   1   1   1   1
  1   5   5   5   1
  5   1   1   1   1
  5   1   5   5   1
  1   1   1   1   1
  5   1   1   1   5
  5   5   5   5   5
  1   1   1   1   1
  1   5   5   1   1
  1   1   1   5   1
  1   5   1   5   1
  5   1   1   1   1
  1   1   1   1   1
  1   5   1   1   1
  5   1   1   1   5
  1   1   1   1   1
  1   1   1   1   5
  5   5   1   5   1
  1   5   1   1   5
  1   1   5   5   1
  1   1   1   1   1
  1   1   1   1   1
  1   5   5   1   1
  1   1   1   1   5
  1   1   1   1   5
  1   1   1   1   1
  1   5   1   1   1
  5   5   5   5   5
  1   5   1   1   1
  5   1   1   1   1
  1   1   1   5   1
  1   1   5   5   1
  1   1   1   1   1
  5   5   5   1   1
  5   1   1   1   5
  1   1   5   1   1
  5   1   5   1   1
  1   1   1   5   1
  1   1   1   1   1
  1   1   5   5   5
  5   5   5   1   1
  5   5   1   1   5
  1   1   1   1   5
  1   1   5   5   1
  5   1   1   5   1
  5   1   5   1   1
  1   5   5   1   5
  1   5   1   1   1
  1   1   1   1   5
  1   1   1   1   1
  1   5   1   1   5
  1   5   1   5   1
  1   1   1   1   5
  5   1   1   1   5
  5   1   5   1   1
  1   5   1   1   5
  1   1   1   1   1
  1   1   1   5   1
  1   1   1   1   1
  1   1   5   5   1
  5   1   1   1   5
  1   5   5   5   1
  1   1   1   1   5
  1   1   1   1   1
  1   5   1   1   1
  1   5   1   1   1
  5   5   1   1   1
  1   1   1   1   1
  5   5   5   5   5
  1   1   5   1   5
  1   1   5   1   1
  1   5   5   1   1
  5   1   1   1   1
  5   5   1   5   1
  1   1   1   1   1
  1   5   5   1   1
  5   5   1   5   1
  5   5   1   1   1
  5   1   5   5   5
  5   1   1   1   1
  1   1   1   5   5
  1   1   1   5   1
  5   5   6   1   1
  1   1   1   5   5
  5   1   1   5   5
  1   1   1   5   5
  1   1   1   5   5
  1   5   1   1   1
  1   1   5   1   5
  1   1   5   1   1
  1   5   5   5   1
  5   5   5   5   1
  1   5   5   1   1
  5   1   5   1   1
  1   5   5   1   1
  1   1   1   1   1
  1   5   5   1   1
  5   1   1   1   5
  1   1   5   1   5
  5   1   1   1   1
  1   5   5   1   1
  5   5   1   1   1
  5   1   1   1   1
  1   1   1   1   1
  1   5   5   1   5
  1   1   1   5   1
  1   1   1   1   1
  1   1   1   1   1
  1   1   5   1   1
  1   1   5   1   1
  1   1   1   1   5
  1   1   1   1   1
  1   1   1   5   1
  5   5   1   1   1
  1   1   5   1   1
  1   1   5   1   5
  1   1   1   1   5
  5   1   1   5   1
  1   5   1   1   1
  5   1   1   1   5
  1   1   1   5   5
  1   1   1   5   5
  5   5   1   1   5
  1   1   1   5   1
  1   5   5   1   5
  1   1   1   5   5
  5   5   1   5   1
  5   1   5   1   1
  1   1   5   1   1
  1   5   1   1   1
  5   5   5   1   1
  1   1   5   1   5
  1   1   5   1   1
  1   1   1   5   5
  1   5   1   5   1
  5   1   5   5   1
  1   1   1   5   1
  5   5   1   5   1
  1   5   5   1   1
  1   1   1   5   1
  1   5   5   1   1
  1   1   5   1   5
  1   5   1   1   5
  1   5   1   1   1
  5   5   1   1   5
  1   1   1   1   1
  5   1   5   5   1
  1   1   1   1   5
  1   1   1   5   1
  5   5   5   5   1
  1   5   1   1   5
  5   1   5   1   1
  1   5   5   5   5
  1   1   1   1   1
  5   1   1   1   5
  1   1   5   5   1
  1   1   1   1   1
  5   1   1   5   1
  5   1   1   1   5
  1   1   5   1   5
  5   1   5   5   1
  5   1   1   1   1
  1   5   1   1   1
  1   5   5   1   1
  1   5   1   5   5
  1   1   5   1   1
  1   1   1   5   5
  5   1   1   5   1
  1   1   5   5   1
  5   5   1   5   1
  5   1   5   1   1
  5   1   5   1   1
  5   1   1   5   1
  1   5   5   1   5
  5   1   1   1   1
  5   1   1   1   1
  1   1   1   1   1
  1   1   5   5   1
  5   1   5   5   1
  1   1   5   1   1
  5   1   1   1   5
  1   1   1   1   5
  5   1   1   1   1
  1   1   1   1   1
  1   1   5   5   5
  5   1   5   1   1
  1   5   1   1   1
  1   5   1   1   1
  6   1   5   5   1
  5   1   5   5   1
  5   5   1   1   1
  1   1   1   1   1
  1   1   1   1   1
  1   5   5   1   5
  1   5   1   1   1
  5   5   1   5   5
  1   1   1   1   1
  5   1   5   5   5
  1   1   1   1   5
  1   1   1   1   1
  4   4   1   4   1
  1   8   1   1   1
  8   1   1   1   8
  5   1   1   1   1
  5   1   5   1   5
  1   1   1   1   5
  1   1   5   5   1
  1   1   1   1   5
  1   1   5   1   1
  5   5   1   1   1
  1   5   5   1   5
  1   5   1   1   1
  1   5   5   5   1
  1   5   5   1   5
  5   5   1   1   1
  1   1   5   1   5
  1   1   1   5   1
  1   1   1   1   1
  5   1   5   1   5
  1   5   5   1   5
  1   1   5   5   1
  1   1   5   5   1
  5   1   1   1   1
  1   1   1   1   1
  5   1   5   1   5
  5   1   1   5   5
  5   5   5   1   1
  1   1   1   5   1
  1   1   5   5   1
  1   5   1   1   1
  1   1   1   1   5
  1   1   5   5   1
  1   1   5   1   5
  1   1   1   1   5
  1   1   1   1   1
  1   5   5   1   1
  5   1   1   1   5
  1   1   5   5   5
  5   1   5   1   1
  5   1   1   5   5
  5   5   1   1   1
  1   1   5   1   5
  1   1   1   5   1
  1   5   1   5   1
  1   1   1   1   5
  1   5   1   1   5
  1   1   1   5   1
