   -0.1000010000E+03
    0.1210868478E-03
    0.9994841411E+00
    0.9994799499E+00
    0.1000000000E+02
    0.1332436697E+03
    0.1110736234E-03
    0.7287370150E+00
    0.1048286792E-03
    0.1003415577E+00
    0.9779640584E+00
    0.9674359133E+00
    0.1336011208E-01
    0.6918753527E-04
    0.1590922276E-06
    0.0000000000E+00
    0.1532358290E-01
    0.2714240520E-02
    0.2435147368E-03
    0.1150068284E-04
    0.1632385322E-06
    0.8241492436E+00
    0.5228654399E-01
    0.1243960315E-02
    0.1315389556E-04
    0.5223827904E-07
    0.1180097136E+00
    0.3340112386E-02
    0.6846306709E-03
    0.1367174469E-03
    0.4512492432E-04
    0.6810488214E+01
    0.99E+00
    0.8E-02
    0.2E-02
    0.0E+00
    0.0E+00
